-- Decompiler will be improved VERY SOON!
-- Decompiled with Konstant V2.1, a fast Luau decompiler made in Luau by plusgiant5 (https://discord.gg/brNTY8nX8t)
-- Decompiled on 2025-08-08 02:12:05
-- Luau version 6, Types version 3
-- Time taken: 0.051522 seconds

return {{
	cframe = CFrame.new(2.8542938232421875, 0.5017666816711426, -0.8168983459472656, 0.7077258229255676, 0.12532499432563782, 0.6952825784683228, 0.00029012560844421387, 0.984088659286499, -0.17767775058746338, -0.7064871788024902, 0.12594884634017944, 0.6964285969734192);
	fov = 35;
}, {
	cframe = CFrame.new(2.842498779296875, 0.4752163887023926, -0.8207054138183594, 0.7100664973258972, 0.1307649165391922, 0.6918858289718628, 0.0005513280630111694, 0.9825010299682617, -0.18625634908676147, -0.7041343450546265, 0.13263586163520813, 0.6975690126419067);
	fov = 35;
}, {
	cframe = CFrame.new(2.8307018280029297, 0.4486658573150635, -0.8245124816894531, 0.7124009728431702, 0.13617345690727234, 0.6884342432022095, 0.0007835850119590759, 0.9808382391929626, -0.19482234120368958, -0.7017722129821777, 0.13933107256889343, 0.6986434459686279);
	fov = 35;
}, {
	cframe = CFrame.new(2.818906784057617, 0.4221155643463135, -0.8283195495605469, 0.7147290110588074, 0.14154988527297974, 0.6849278807640076, 0.0009868666529655457, 0.9791005253791809, -0.20337457954883575, -0.6994008421897888, 0.1460336595773697, 0.699651837348938);
	fov = 35;
}, {
	cframe = CFrame.new(2.8071117401123047, 0.3955652713775635, -0.8321266174316406, 0.7170502543449402, 0.1468934714794159, 0.6813672184944153, 0.001161135733127594, 0.9772880673408508, -0.21191193163394928, -0.6970205903053284, 0.1527426689863205, 0.7005940675735474);
	fov = 35;
}, {
	cframe = CFrame.new(2.7953147888183594, 0.3690147399902344, -0.8359336853027344, 0.7193645238876343, 0.1522035151720047, 0.6777527332305908, 0.0013063699007034302, 0.9754012227058411, -0.22043326497077942, -0.6946315765380859, 0.159457266330719, 0.7014701962471008);
	fov = 35;
}, {
	cframe = CFrame.new(2.783519744873047, 0.3424644470214844, -0.8397407531738281, 0.7216714024543762, 0.15747936069965363, 0.6740850210189819, 0.0014225542545318604, 0.9734400510787964, -0.2289375215768814, -0.6922342777252197, 0.16617660224437714, 0.7022799253463745);
	fov = 35;
}, {
	cframe = CFrame.new(2.7717247009277344, 0.3159141540527344, -0.8435478210449219, 0.7239707112312317, 0.16272029280662537, 0.670364499092102, 0.0015096962451934814, 0.971405029296875, -0.23742352426052094, -0.6898291110992432, 0.1728997379541397, 0.7030231356620789);
	fov = 35;
}, {
	cframe = CFrame.new(2.8655548095703125, 0.2327709197998047, -0.736236572265625, 0.7234556078910828, 0.17444965243339539, 0.6679665446281433, 0, 0.9675474166870117, -0.2526897192001343, -0.6903709769248962, 0.18280979990959167, 0.6999775171279907);
	fov = 45;
}, {
	cframe = CFrame.new(2.6428775787353516, 0.1799471378326416, -0.5055751800537109, 0.8284451365470886, 0.1500057727098465, 0.5396081805229187, 0, 0.9634652137756348, -0.26783379912376404, -0.5600703358650208, 0.22188560664653778, 0.7981780171394348);
	fov = 25;
}, {
	cframe = CFrame.new(2.6900482177734375, 0.23952102661132812, -0.7307033538818359, 0.7719650268554688, 0.16060496866703033, 0.6150414943695068, -7.450580596923828e-09, 0.9675559997558594, -0.25265660881996155, -0.6356649994850159, 0.19504205882549286, 0.7469193935394287);
	fov = 30;
}, {
	cframe = CFrame.new(2.5889930725097656, 0.2326500415802002, -0.7759037017822266, 0.8107710480690002, 0.1534247249364853, 0.5648993849754333, 0, 0.9650404453277588, -0.2621016204357147, -0.585363507270813, 0.21250440180301666, 0.7824267148971558);
	fov = 35;
}, {
	cframe = CFrame.new(2.954988479614258, 0.20481419563293457, -1.1103553771972656, 0.6665349006652832, 0.20241157710552216, 0.7174684405326843, 0, 0.9624327421188354, -0.2715206742286682, -0.7454739212989807, 0.18097800016403198, 0.6414949297904968);
	fov = 35;
}, {
	cframe = CFrame.new(2.9222888946533203, 0.16727638244628906, -1.05633544921875, 0.6930833458900452, 0.20237860083580017, 0.691865861415863, 0.0001768842339515686, 0.9597340226173401, -0.28091028332710266, -0.7208574414253235, 0.19481663405895233, 0.66513991355896);
	fov = 35;
}, {
	cframe = CFrame.new(2.889589309692383, 0.12973856925964355, -1.0023136138916016, 0.7187235951423645, 0.20182567834854126, 0.6653591990470886, 0, 0.956943929195404, -0.2902730405330658, -0.6952959895133972, 0.20862607657909393, 0.687778115272522);
	fov = 35;
}, {
	cframe = CFrame.new(2.8572750091552734, 0.11807060241699219, -0.9898643493652344, 0.7197176814079285, 0.2028011828660965, 0.6639865636825562, 0.0000013709068298339844, 0.9563847780227661, -0.29210978746414185, -0.6942669153213501, 0.2102375030517578, 0.6883267760276794);
	fov = 35;
}, {
	cframe = CFrame.new(2.824960708618164, 0.10640239715576172, -0.9774131774902344, 0.7207103967666626, 0.2037736177444458, 0.6626107096672058, 0, 0.9558222889900208, -0.29394540190696716, -0.6932362914085388, 0.21184951066970825, 0.6888710260391235);
	fov = 35;
}, {
	cframe = CFrame.new(2.7991390228271484, 0.089447021484375, -0.9668655395507812, 0.7248510122299194, 0.20690733194351196, 0.6570999622344971, 0.0001437366008758545, 0.9537860751152039, -0.30048632621765137, -0.6889055967330933, 0.2179023027420044, 0.6913231611251831);
	fov = 35;
}, {
	cframe = CFrame.new(2.7733154296875, 0.07249164581298828, -0.9563198089599609, 0.7289665937423706, 0.2099953144788742, 0.6515441536903381, 0.000246390700340271, 0.9517049789428711, -0.3070140779018402, -0.6845492720603943, 0.22396354377269745, 0.6937093734741211);
	fov = 35;
}, {
	cframe = CFrame.new(2.7474937438964844, 0.055536508560180664, -0.9457740783691406, 0.7330562472343445, 0.21303720772266388, 0.6459440588951111, 0.00030800700187683105, 0.9495789408683777, -0.3135278522968292, -0.6801679730415344, 0.2300325334072113, 0.6960291862487793);
	fov = 35;
}, {
	cframe = CFrame.new(2.7216720581054688, 0.038581132888793945, -0.9352264404296875, 0.7371197938919067, 0.21603259444236755, 0.6403002738952637, 0.00032851099967956543, 0.9474083781242371, -0.32002687454223633, -0.6757620573043823, 0.23610849678516388, 0.6982824802398682);
	fov = 35;
}, {
	cframe = CFrame.new(2.719846725463867, 0.02798604965209961, -0.9294242858886719, 0.7375337481498718, 0.21712011098861694, 0.6394550800323486, 0.0003128424286842346, 0.946795642375946, -0.32183513045310974, -0.6753101348876953, 0.2375643402338028, 0.6982258558273315);
	fov = 35;
}, {
	cframe = CFrame.new(2.7180213928222656, 0.017390966415405273, -0.9236221313476562, 0.7379475235939026, 0.21820595860481262, 0.6386076807975769, 0.0002959892153739929, 0.9461795091629028, -0.3236423134803772, -0.6748581528663635, 0.23902006447315216, 0.6981661319732666);
	fov = 35;
}, {
	cframe = CFrame.new(2.716196060180664, 0.0067958831787109375, -0.9178199768066406, 0.7383610010147095, 0.21929006278514862, 0.6377577781677246, 0.0002779662609100342, 0.9455598592758179, -0.32544824481010437, -0.6744056940078735, 0.24047556519508362, 0.6981035470962524);
	fov = 35;
}, {
	cframe = CFrame.new(2.7143707275390625, -0.0037992000579833984, -0.912017822265625, 0.7387741208076477, 0.22037246823310852, 0.6369056105613708, 0.0002587810158729553, 0.9449367523193359, -0.32725292444229126, -0.6739529967308044, 0.24193084239959717, 0.69803786277771);
	fov = 35;
}, {
	cframe = CFrame.new(2.712545394897461, -0.014394283294677734, -0.9062156677246094, 0.7391870617866516, 0.22145316004753113, 0.6360511183738708, 0.0002384185791015625, 0.9443102478981018, -0.32905644178390503, -0.673500120639801, 0.243385910987854, 0.6979690790176392);
	fov = 35;
}, {
	cframe = CFrame.new(2.7107200622558594, -0.02498912811279297, -0.9004154205322266, 0.7395995855331421, 0.22253218293190002, 0.6351943016052246, 0.0002168789505958557, 0.9436802268028259, -0.3308587670326233, -0.6730470657348633, 0.24484075605869293, 0.6978972554206848);
	fov = 35;
}, {
	cframe = CFrame.new(2.708894729614258, -0.035584211349487305, -0.8946132659912109, 0.7400118708610535, 0.22360944747924805, 0.6343352794647217, 0.00019416958093643188, 0.9430468678474426, -0.33265984058380127, -0.6725938320159912, 0.24629539251327515, 0.6978224515914917);
	fov = 35;
}, {
	cframe = CFrame.new(2.7070693969726562, -0.04617929458618164, -0.8888111114501953, 0.7404237985610962, 0.22468504309654236, 0.6334738731384277, 0.00017029047012329102, 0.9424100518226624, -0.33445972204208374, -0.6721402406692505, 0.24774980545043945, 0.697744607925415);
	fov = 35;
}, {
	cframe = CFrame.new(2.7052440643310547, -0.05677437782287598, -0.8830089569091797, 0.740835428237915, 0.22575891017913818, 0.6326103210449219, 0.00014525651931762695, 0.9417697787284851, -0.3362583816051483, -0.6716866493225098, 0.24920400977134705, 0.6976636052131653);
	fov = 35;
}, {
	cframe = CFrame.new(2.703418731689453, -0.06736946105957031, -0.8772068023681641, 0.7412467002868652, 0.22683101892471313, 0.631744384765625, 0.000119037926197052, 0.9411260485649109, -0.3380557596683502, -0.6712327003479004, 0.25065794587135315, 0.6975796222686768);
	fov = 35;
}, {
	cframe = CFrame.new(2.7113170623779297, -0.08324170112609863, -0.8691005706787109, 0.7402998208999634, 0.2278943657875061, 0.6324715614318848, 0.00009607523679733276, 0.9407545328140259, -0.33908841013908386, -0.6722768545150757, 0.25108787417411804, 0.6964185237884521);
	fov = 35;
}, {
	cframe = CFrame.new(2.7192153930664062, -0.09911370277404785, -0.8609962463378906, 0.7393513917922974, 0.2289581149816513, 0.6331964135169983, 0.00007462501525878906, 0.9403817653656006, -0.34012076258659363, -0.6733197569847107, 0.2515160143375397, 0.6952555179595947);
	fov = 35;
}, {
	cframe = CFrame.new(2.727113723754883, -0.11498594284057617, -0.8528900146484375, 0.7384015917778015, 0.2300221025943756, 0.6339187026023865, 0.000054739415645599365, 0.9400079250335693, -0.3411526083946228, -0.6743612885475159, 0.25194233655929565, 0.6940907835960388);
	fov = 35;
}, {
	cframe = CFrame.new(2.7350120544433594, -0.1308579444885254, -0.8447856903076172, 0.737450122833252, 0.23108649253845215, 0.6346386671066284, 0.000036425888538360596, 0.9396328926086426, -0.3421841859817505, -0.6754015684127808, 0.25236690044403076, 0.6929240226745605);
	fov = 35;
}, {
	cframe = CFrame.new(2.742910385131836, -0.1467301845550537, -0.8366794586181641, 0.7364972829818726, 0.23215115070343018, 0.6353563070297241, 0.000019632279872894287, 0.9392567276954651, -0.34321531653404236, -0.6764404773712158, 0.2527896463871002, 0.6917555332183838);
	fov = 35;
}, {
	cframe = CFrame.new(2.7508087158203125, -0.16260242462158203, -0.8285732269287109, 0.7355429530143738, 0.23321610689163208, 0.6360713243484497, 0.00000441819429397583, 0.9388794302940369, -0.3442460596561432, -0.6774780750274658, 0.25321057438850403, 0.6905851364135742);
	fov = 35;
}, {
	cframe = CFrame.new(2.758707046508789, -0.17847442626953125, -0.8204689025878906, 0.7345871925354004, 0.23428142070770264, 0.6367840766906738, -0.00000928342342376709, 0.9385010600090027, -0.34527647495269775, -0.6785143613815308, 0.25362980365753174, 0.6894130706787109);
	fov = 35;
}, {
	cframe = CFrame.new(2.7666053771972656, -0.19434666633605957, -0.8123626708984375, 0.7336299419403076, 0.2353469431400299, 0.6374942660331726, -0.000021405518054962158, 0.938121497631073, -0.34630635380744934, -0.6795491576194763, 0.25404706597328186, 0.6882390975952148);
	fov = 35;
}, {
	cframe = CFrame.new(2.774503707885742, -0.2102186679840088, -0.8042583465576172, 0.7326712012290955, 0.2364128828048706, 0.6382021307945251, -0.00003203004598617554, 0.9377407431602478, -0.3473359942436218, -0.6805828213691711, 0.25446265935897827, 0.6870632171630859);
	fov = 35;
}, {
	cframe = CFrame.new(2.7824020385742188, -0.2260909080505371, -0.7961521148681641, 0.7317111492156982, 0.23747898638248444, 0.6389073729515076, -0.000041097402572631836, 0.9373589158058167, -0.34836506843566895, -0.6816149353981018, 0.2548763155937195, 0.6858856678009033);
	fov = 35;
}, {
	cframe = CFrame.new(2.7882766723632812, -0.2331407070159912, -0.7926826477050781, 0.7309308052062988, 0.23783135414123535, 0.6396690011024475, -0.00004096329212188721, 0.9373257160186768, -0.34845444560050964, -0.6824515461921692, 0.2546698749065399, 0.6851300001144409);
	fov = 35;
}, {
	cframe = CFrame.new(2.794149398803711, -0.2401905059814453, -0.7892131805419922, 0.7301496863365173, 0.23818346858024597, 0.6404295563697815, -0.00004076957702636719, 0.9372924566268921, -0.3485438823699951, -0.6832872033119202, 0.2544630765914917, 0.6843735575675964);
	fov = 35;
}, {
	cframe = CFrame.new(2.8000240325927734, -0.2472400665283203, -0.7857437133789062, 0.7293675541877747, 0.2385353446006775, 0.6411893963813782, -0.00004044920206069946, 0.9372591972351074, -0.3486332297325134, -0.6841220259666443, 0.25425583124160767, 0.6836161017417908);
	fov = 35;
}, {
	cframe = CFrame.new(2.805898666381836, -0.2542898654937744, -0.7822742462158203, 0.7285844087600708, 0.23888704180717468, 0.6419484615325928, -0.00004001706838607788, 0.9372259378433228, -0.3487227261066437, -0.6849560737609863, 0.25404825806617737, 0.6828577518463135);
	fov = 35;
}, {
	cframe = CFrame.new(2.8117713928222656, -0.2613396644592285, -0.7788028717041016, 0.7278003692626953, 0.2392384260892868, 0.6427065134048462, -0.00003947317600250244, 0.9371926784515381, -0.3488121032714844, -0.6857891082763672, 0.25384020805358887, 0.6820986270904541);
	fov = 35;
}, {
	cframe = CFrame.new(2.817646026611328, -0.2683894634246826, -0.7753334045410156, 0.727015495300293, 0.23958955705165863, 0.643463671207428, -0.00003883242607116699, 0.9371594786643982, -0.3489014506340027, -0.6866211295127869, 0.2536317706108093, 0.6813386678695679);
	fov = 35;
}, {
	cframe = CFrame.new(2.8235206604003906, -0.2754390239715576, -0.7718639373779297, 0.7262294292449951, 0.23994044959545135, 0.6442199349403381, -0.00003807246685028076, 0.9371261596679688, -0.348990797996521, -0.6874523758888245, 0.2534228563308716, 0.6805777549743652);
	fov = 35;
}, {
	cframe = CFrame.new(2.8293933868408203, -0.2824888229370117, -0.7683944702148438, 0.7254425287246704, 0.24029114842414856, 0.644975483417511, -0.000037200748920440674, 0.9370928406715393, -0.3490802049636841, -0.6882827877998352, 0.25321364402770996, 0.679815948009491);
	fov = 35;
}, {
	cframe = CFrame.new(2.835268020629883, -0.2895386219024658, -0.7649250030517578, 0.7246547341346741, 0.2406415492296219, 0.6457300186157227, -0.0000362396240234375, 0.9370595812797546, -0.3491695523262024, -0.6891121864318848, 0.2530040144920349, 0.6790534257888794);
	fov = 35;
}, {
	cframe = CFrame.new(5.016214370727539, -1.890428066253662, -1.1844005584716797, 0.12636850774288177, -0.08067996054887772, 0.9886970520019531, 0, 0.9966871738433838, 0.08133196830749512, -0.9919834136962891, -0.01027779933065176, 0.12594985961914062);
	fov = 20;
}, {
	cframe = CFrame.new(5.016214370727539, -1.890428066253662, -1.1844005584716797, 0.12636858224868774, -0.08067995309829712, 0.9886969923973083, 3.725290298461914e-09, 0.9966870546340942, 0.08133196830749512, -0.9919833540916443, -0.010277796536684036, 0.1259499192237854);
	fov = 20;
}, {
	cframe = CFrame.new(5.016214370727539, -1.890428066253662, -1.1844005584716797, 0.12636858224868774, -0.08067995309829712, 0.9886969923973083, 3.725290298461914e-09, 0.9966870546340942, 0.08133196830749512, -0.9919833540916443, -0.010277800261974335, 0.1259499192237854);
	fov = 20;
}, {
	cframe = CFrame.new(5.016214370727539, -1.890428066253662, -1.1844005584716797, 0.12636858224868774, -0.08067996054887772, 0.9886969923973083, 7.450580596923828e-09, 0.9966870546340942, 0.08133196830749512, -0.9919833540916443, -0.010277800261974335, 0.1259499192237854);
	fov = 20;
}, {
	cframe = CFrame.new(5.016214370727539, -1.890428066253662, -1.1844005584716797, 0.12636858224868774, -0.08067995309829712, 0.9886969923973083, 0, 0.9966870546340942, 0.08133196830749512, -0.9919833540916443, -0.010277803987264633, 0.1259499192237854);
	fov = 20;
}, {
	cframe = CFrame.new(5.016214370727539, -1.890428066253662, -1.1844005584716797, 0.12636858224868774, -0.08067995309829712, 0.9886970520019531, 3.725290298461914e-09, 0.9966870546340942, 0.08133196830749512, -0.9919834136962891, -0.010277807712554932, 0.1259499192237854);
	fov = 20;
}, {
	cframe = CFrame.new(5.016214370727539, -1.890428066253662, -1.1844005584716797, 0.12636840343475342, -0.08067996799945831, 0.9886971116065979, -3.725290298461914e-09, 0.9966870546340942, 0.08133198320865631, -0.9919834733009338, -0.010277803987264633, 0.12594974040985107);
	fov = 20;
}, {
	cframe = CFrame.new(5.016214370727539, -1.890428066253662, -1.1844005584716797, 0.12636858224868774, -0.08067996054887772, 0.9886970520019531, 7.450580596923828e-09, 0.9966870546340942, 0.08133196830749512, -0.9919834136962891, -0.010277803987264633, 0.1259499192237854);
	fov = 20;
}, {
	cframe = CFrame.new(5.016214370727539, -1.890428066253662, -1.1844005584716797, 0.12636858224868774, -0.08067996054887772, 0.9886969923973083, 0, 0.9966870546340942, 0.08133196830749512, -0.9919833540916443, -0.010277803987264633, 0.1259499192237854);
	fov = 20;
}, {
	cframe = CFrame.new(5.016214370727539, -1.890428066253662, -1.1844005584716797, 0.12636858224868774, -0.08067995309829712, 0.9886969923973083, 3.725290298461914e-09, 0.9966870546340942, 0.08133196830749512, -0.9919833540916443, -0.010277800261974335, 0.1259499192237854);
	fov = 20;
}, {
	cframe = CFrame.new(5.016214370727539, -1.890428066253662, -1.1844005584716797, 0.12636858224868774, -0.08067996054887772, 0.9886969923973083, 0, 0.9966870546340942, 0.08133196830749512, -0.9919833540916443, -0.010277803987264633, 0.1259499192237854);
	fov = 20;
}, {
	cframe = CFrame.new(5.016214370727539, -1.890428066253662, -1.1844005584716797, 0.12636858224868774, -0.08067995309829712, 0.9886969923973083, 0, 0.9966870546340942, 0.08133196085691452, -0.9919833540916443, -0.010277800261974335, 0.1259499192237854);
	fov = 20;
}, {
	cframe = CFrame.new(5.016214370727539, -1.890428066253662, -1.1844005584716797, 0.12636840343475342, -0.08067996799945831, 0.9886971116065979, -3.725290298461914e-09, 0.9966870546340942, 0.08133198320865631, -0.9919834733009338, -0.010277803987264633, 0.12594974040985107);
	fov = 20;
}, {
	cframe = CFrame.new(5.016214370727539, -1.890428066253662, -1.1844005584716797, 0.12636858224868774, -0.08067995309829712, 0.9886969923973083, 0, 0.9966870546340942, 0.08133196830749512, -0.9919833540916443, -0.010277803987264633, 0.1259499192237854);
	fov = 20;
}, {
	cframe = CFrame.new(5.016214370727539, -1.890428066253662, -1.1844005584716797, 0.12636858224868774, -0.08067995309829712, 0.9886969923973083, -3.725290298461914e-09, 0.9966870546340942, 0.08133196830749512, -0.9919833540916443, -0.010277807712554932, 0.1259499192237854);
	fov = 20;
}, {
	cframe = CFrame.new(5.016214370727539, -1.890428066253662, -1.1844005584716797, 0.12636858224868774, -0.08067996054887772, 0.9886969923973083, 0, 0.9966870546340942, 0.08133196830749512, -0.9919833540916443, -0.010277803987264633, 0.1259499192237854);
	fov = 20;
}, {
	cframe = CFrame.new(5.016214370727539, -1.890428066253662, -1.1844005584716797, 0.12636858224868774, -0.08067996054887772, 0.9886970520019531, 0, 0.9966870546340942, 0.08133196830749512, -0.9919834136962891, -0.01027781143784523, 0.1259499192237854);
	fov = 20;
}, {
	cframe = CFrame.new(5.016214370727539, -1.890428066253662, -1.1844005584716797, 0.12636858224868774, -0.08067995309829712, 0.9886969923973083, 0, 0.9966870546340942, 0.08133196830749512, -0.9919833540916443, -0.010277803987264633, 0.1259499192237854);
	fov = 20;
}, {
	cframe = CFrame.new(5.016214370727539, -1.890428066253662, -1.1844005584716797, 0.12636858224868774, -0.08067995309829712, 0.9886969923973083, 0, 0.9966870546340942, 0.08133196830749512, -0.9919833540916443, -0.010277803987264633, 0.1259499192237854);
	fov = 20;
}, {
	cframe = CFrame.new(5.016214370727539, -1.890428066253662, -1.1844005584716797, 0.12636858224868774, -0.08067995309829712, 0.9886969923973083, 0, 0.9966870546340942, 0.08133196830749512, -0.9919833540916443, -0.010277803987264633, 0.1259499192237854);
	fov = 20;
}, {
	cframe = CFrame.new(5.016214370727539, -1.890428066253662, -1.1844005584716797, 0.12636858224868774, -0.08067995309829712, 0.9886969923973083, -3.725290298461914e-09, 0.9966870546340942, 0.08133196830749512, -0.9919833540916443, -0.010277807712554932, 0.1259499192237854);
	fov = 20;
}, {
	cframe = CFrame.new(5.016214370727539, -1.890428066253662, -1.1844005584716797, 0.12636858224868774, -0.08067995309829712, 0.9886969923973083, 0, 0.9966870546340942, 0.08133196830749512, -0.9919833540916443, -0.010277803987264633, 0.1259499192237854);
	fov = 20;
}, {
	cframe = CFrame.new(5.016214370727539, -1.890428066253662, -1.1844005584716797, 0.12636858224868774, -0.08067995309829712, 0.9886969923973083, -3.725290298461914e-09, 0.9966870546340942, 0.08133196830749512, -0.9919833540916443, -0.010277807712554932, 0.1259499192237854);
	fov = 20;
}, {
	cframe = CFrame.new(5.016214370727539, -1.890428066253662, -1.1844005584716797, 0.12636858224868774, -0.08067995309829712, 0.9886969923973083, 0, 0.9966870546340942, 0.08133196830749512, -0.9919833540916443, -0.010277803987264633, 0.1259499192237854);
	fov = 20;
}, {
	cframe = CFrame.new(5.016214370727539, -1.890428066253662, -1.1844005584716797, 0.12636858224868774, -0.08067995309829712, 0.9886969923973083, -3.725290298461914e-09, 0.9966870546340942, 0.08133196830749512, -0.9919833540916443, -0.010277807712554932, 0.1259499192237854);
	fov = 20;
}, {
	cframe = CFrame.new(5.016214370727539, -1.890428066253662, -1.1844005584716797, 0.12636858224868774, -0.08067995309829712, 0.9886969923973083, 0, 0.9966870546340942, 0.08133196830749512, -0.9919833540916443, -0.010277803987264633, 0.1259499192237854);
	fov = 20;
}, {
	cframe = CFrame.new(5.016214370727539, -1.890428066253662, -1.1844005584716797, 0.12636858224868774, -0.08067995309829712, 0.9886969923973083, -7.450580596923828e-09, 0.9966870546340942, 0.08133196830749512, -0.9919833540916443, -0.01027781143784523, 0.1259499192237854);
	fov = 20;
}, {
	cframe = CFrame.new(5.016214370727539, -1.890428066253662, -1.1844005584716797, 0.12636858224868774, -0.08067995309829712, 0.9886969923973083, -3.725290298461914e-09, 0.9966870546340942, 0.08133196085691452, -0.9919833540916443, -0.010277807712554932, 0.1259499192237854);
	fov = 20;
}, {
	cframe = CFrame.new(5.016214370727539, -1.890428066253662, -1.1844005584716797, 0.12636840343475342, -0.08067996799945831, 0.9886971116065979, -7.450580596923828e-09, 0.9966870546340942, 0.08133197575807571, -0.9919834733009338, -0.010277807712554932, 0.12594974040985107);
	fov = 20;
}, {
	cframe = CFrame.new(5.016214370727539, -1.890428066253662, -1.1844005584716797, 0.12636858224868774, -0.08067995309829712, 0.9886969923973083, -3.725290298461914e-09, 0.9966870546340942, 0.08133196085691452, -0.9919833540916443, -0.010277807712554932, 0.1259499192237854);
	fov = 20;
}, {
	cframe = CFrame.new(5.016214370727539, -1.890428066253662, -1.1844005584716797, 0.12636858224868774, -0.08067995309829712, 0.9886969923973083, 0, 0.9966870546340942, 0.08133196830749512, -0.9919833540916443, -0.010277803987264633, 0.1259499192237854);
	fov = 20;
}, {
	cframe = CFrame.new(5.016214370727539, -1.890428066253662, -1.1844005584716797, 0.12636858224868774, -0.08067995309829712, 0.9886970520019531, 3.725290298461914e-09, 0.9966870546340942, 0.08133196830749512, -0.9919834136962891, -0.010277807712554932, 0.1259499192237854);
	fov = 20;
}, {
	cframe = CFrame.new(5.016214370727539, -1.890428066253662, -1.1844005584716797, 0.12636858224868774, -0.08067995309829712, 0.9886969923973083, 0, 0.9966870546340942, 0.08133196830749512, -0.9919833540916443, -0.010277803987264633, 0.1259499192237854);
	fov = 20;
}, {
	cframe = CFrame.new(5.016214370727539, -1.890428066253662, -1.1844005584716797, 0.12636858224868774, -0.08067995309829712, 0.9886969923973083, 0, 0.9966870546340942, 0.08133196830749512, -0.9919833540916443, -0.010277803987264633, 0.1259499192237854);
	fov = 20;
}, {
	cframe = CFrame.new(5.016214370727539, -1.890428066253662, -1.1844005584716797, 0.12636858224868774, -0.08067995309829712, 0.9886970520019531, 0, 0.9966870546340942, 0.08133196830749512, -0.9919834136962891, -0.01027781143784523, 0.1259499192237854);
	fov = 20;
}, {
	cframe = CFrame.new(5.016214370727539, -1.890428066253662, -1.1844005584716797, 0.12636858224868774, -0.08067995309829712, 0.9886969923973083, -3.725290298461914e-09, 0.9966870546340942, 0.08133196085691452, -0.9919833540916443, -0.010277807712554932, 0.1259499192237854);
	fov = 20;
}, {
	cframe = CFrame.new(5.016214370727539, -1.890428066253662, -1.1844005584716797, 0.12636858224868774, -0.08067995309829712, 0.9886969923973083, -3.725290298461914e-09, 0.9966870546340942, 0.08133196085691452, -0.9919833540916443, -0.010277807712554932, 0.1259499192237854);
	fov = 20;
}, {
	cframe = CFrame.new(5.015190124511719, -1.8614360094070435, -1.183767318725586, 0.12525300681591034, -0.08033211529254913, 0.9888672828674316, -0.00001746043562889099, 0.9967163801193237, 0.08097197115421295, -0.9921249151229858, -0.010159257799386978, 0.12484031915664673);
	fov = 20;
}, {
	cframe = CFrame.new(5.014165878295898, -1.8324438333511353, -1.1831340789794922, 0.12413721531629562, -0.079984150826931, 0.9890362024307251, -0.00003452599048614502, 0.9967455863952637, 0.080611951649189, -0.9922651052474976, -0.010041095316410065, 0.12373048067092896);
	fov = 20;
}, {
	cframe = CFrame.new(5.013141632080078, -1.8034517765045166, -1.1825008392333984, 0.12302137911319733, -0.07963602989912033, 0.989203691482544, -0.00005117058753967285, 0.9967746138572693, 0.08025189489126205, -0.9924041032791138, -0.00992332398891449, 0.12262052297592163);
	fov = 20;
}, {
	cframe = CFrame.new(5.012117385864258, -1.7744596004486084, -1.1818675994873047, 0.12190531194210052, -0.07928775250911713, 0.9893698692321777, -0.00006741657853126526, 0.9968035817146301, 0.07989180088043213, -0.9925417900085449, -0.009805943816900253, 0.1215103268623352);
	fov = 20;
}, {
	cframe = CFrame.new(5.0110931396484375, -1.7454675436019897, -1.181234359741211, 0.12078902125358582, -0.07893934845924377, 0.9895346164703369, -0.00008326396346092224, 0.9968323111534119, 0.07953169196844101, -0.9926782846450806, -0.009688951075077057, 0.1203998327255249);
	fov = 20;
}, {
	cframe = CFrame.new(5.010066986083984, -1.716475486755371, -1.1806011199951172, 0.11967280507087708, -0.07859079539775848, 0.9896979331970215, -0.00009868666529655457, 0.9968609809875488, 0.07917153835296631, -0.9928134679794312, -0.009572353214025497, 0.11928939819335938);
	fov = 20;
}, {
	cframe = CFrame.new(5.009042739868164, -1.687483310699463, -1.1799678802490234, 0.11855629831552505, -0.07824211567640305, 0.9898599982261658, -0.00011371076107025146, 0.996889591217041, 0.07881138473749161, -0.9929473996162415, -0.009456150233745575, 0.11817866563796997);
	fov = 20;
}, {
	cframe = CFrame.new(5.008018493652344, -1.6584912538528442, -1.1793346405029297, 0.1174396276473999, -0.07789327204227448, 0.9900205135345459, -0.00012832880020141602, 0.9969179630279541, 0.07845117151737213, -0.9930800199508667, -0.009340327233076096, 0.11706769466400146);
	fov = 20;
}, {
	cframe = CFrame.new(5.006994247436523, -1.6294991970062256, -1.178701400756836, 0.11632267385721207, -0.07754430174827576, 0.9901798367500305, -0.00014254823327064514, 0.9969462752342224, 0.07809095829725266, -0.993211567401886, -0.009224899113178253, 0.11595642566680908);
	fov = 20;
}, {
	cframe = CFrame.new(5.005970001220703, -1.6005070209503174, -1.1780681610107422, 0.11520585417747498, -0.0771951973438263, 0.9903376698493958, -0.0001563429832458496, 0.9969744086265564, 0.07773071527481079, -0.9933417439460754, -0.009109873324632645, 0.11484521627426147);
	fov = 20;
}, {
	cframe = CFrame.new(5.0039215087890625, -1.5425227880477905, -1.1768016815185547, 0.11297129839658737, -0.07649657130241394, 0.9906492829322815, -0.00018274039030075073, 0.9970303177833557, 0.0770101547241211, -0.9935984015464783, -0.00888098031282425, 0.11262184381484985);
	fov = 20;
}, {
	cframe = CFrame.new(5.001873016357422, -1.4845385551452637, -1.1755352020263672, 0.11073649674654007, -0.07579736411571503, 0.9909552335739136, -0.0002074986696243286, 0.997085690498352, 0.07628947496414185, -0.9938498735427856, -0.008653659373521805, 0.1103980541229248);
	fov = 20;
}, {
	cframe = CFrame.new(4.999824523925781, -1.4265544414520264, -1.1742687225341797, 0.10850091278553009, -0.07509762048721313, 0.9912558197975159, -0.00023064389824867249, 0.9971405863761902, 0.07556869089603424, -0.9940964579582214, -0.008427906781435013, 0.10817337036132812);
	fov = 20;
}, {
	cframe = CFrame.new(4.997776031494141, -1.3685702085494995, -1.1730022430419922, 0.10626478493213654, -0.07439733296632767, 0.991550862789154, -0.00025215744972229004, 0.9971949458122253, 0.07484784722328186, -0.9943379759788513, -0.008203726261854172, 0.10594797134399414);
	fov = 20;
}, {
	cframe = CFrame.new(4.9957275390625, -1.3105859756469727, -1.1717357635498047, 0.10402829200029373, -0.07369649410247803, 0.9918401837348938, -0.00027204304933547974, 0.9972487688064575, 0.07412689924240112, -0.994574248790741, -0.007981117814779282, 0.10372203588485718);
	fov = 20;
}, {
	cframe = CFrame.new(4.991044998168945, -1.1780506372451782, -1.1688404083251953, 0.09891384094953537, -0.07209259271621704, 0.9924811124801636, -0.00031140074133872986, 0.9973699450492859, 0.07247874140739441, -0.99509596824646, -0.00747821107506752, 0.09863126277923584);
	fov = 20;
}, {
	cframe = CFrame.new(4.986362457275391, -1.0455152988433838, -1.165945053100586, 0.093796506524086, -0.07048586010932922, 0.9930932521820068, -0.0003422573208808899, 0.9974883198738098, 0.07083014398813248, -0.995591402053833, -0.006983518600463867, 0.09353679418563843);
	fov = 20;
}, {
	cframe = CFrame.new(4.981679916381836, -0.9129798412322998, -1.1630496978759766, 0.0886768251657486, -0.06887638568878174, 0.9936762452125549, -0.00036461278796195984, 0.9976040124893188, 0.0691811740398407, -0.9960604310035706, -0.006497077643871307, 0.0884392261505127);
	fov = 20;
}, {
	cframe = CFrame.new(4.976997375488281, -0.7804446220397949, -1.16015625, 0.08355449885129929, -0.06726422905921936, 0.9942305088043213, -0.00037848204374313354, 0.997717022895813, 0.06753192096948624, -0.9965032339096069, -0.006018893793225288, 0.08333826065063477);
	fov = 20;
}, {
	cframe = CFrame.new(4.972314834594727, -0.6479091644287109, -1.1572608947753906, 0.0784299373626709, -0.06564946472644806, 0.9947558045387268, -0.00038384273648262024, 0.9978272914886475, 0.06588243693113327, -0.9969196915626526, -0.005548996850848198, 0.07823431491851807);
	fov = 20;
}, {
	cframe = CFrame.new(4.967632293701172, -0.515373706817627, -1.1543655395507812, 0.07330356538295746, -0.0640321597456932, 0.9952520728111267, -0.00038070976734161377, 0.997934877872467, 0.06423281133174896, -0.9973097443580627, -0.005087399855256081, 0.07312780618667603);
	fov = 20;
}, {
	cframe = CFrame.new(4.962949752807617, -0.38283848762512207, -1.1514701843261719, 0.06817561388015747, -0.06241237372159958, 0.9957192540168762, -0.00036906637251377106, 0.9980396628379822, 0.0625830888748169, -0.9976733326911926, -0.004634132608771324, 0.06801891326904297);
	fov = 20;
}, {
	cframe = CFrame.new(4.964836120605469, -0.2809736728668213, -1.152750015258789, 0.06380225718021393, -0.06095629185438156, 0.9960992932319641, -0.00036703795194625854, 0.9981313347816467, 0.06110415980219841, -0.9979625344276428, -0.004264194518327713, 0.06366068124771118);
	fov = 20;
}, {
	cframe = CFrame.new(4.96672248840332, -0.1791086196899414, -1.1540298461914062, 0.05942771956324577, -0.05949842184782028, 0.9964580535888672, -0.00035850517451763153, 0.9982208013534546, 0.05962507054209709, -0.9982327222824097, -0.003900628536939621, 0.05930066108703613);
	fov = 20;
}, {
	cframe = CFrame.new(4.968608856201172, -0.07724380493164062, -1.1553115844726562, 0.055052004754543304, -0.05803883075714111, 0.9967953562736511, -0.00034348852932453156, 0.998308002948761, 0.058145880699157715, -0.9984834790229797, -0.0035434383898973465, 0.0549389123916626);
	fov = 20;
}, {
	cframe = CFrame.new(4.970493316650391, 0.024621009826660156, -1.1565914154052734, 0.050675585865974426, -0.05657755583524704, 0.9971112608909607, -0.0003219619393348694, 0.9983930587768555, 0.056666649878025055, -0.9987151026725769, -0.0031926482915878296, 0.05057591199874878);
	fov = 20;
}, {
	cframe = CFrame.new(4.972379684448242, 0.12648582458496094, -1.1578712463378906, 0.04629780724644661, -0.05511465668678284, 0.9974060654640198, -0.0002939589321613312, 0.998475968837738, 0.055187419056892395, -0.998927652835846, -0.002848254516720772, 0.046211063861846924);
	fov = 20;
}, {
	cframe = CFrame.new(4.974266052246094, 0.22835087776184082, -1.1591510772705078, 0.04191967844963074, -0.05365016683936119, 0.9976795315742493, -0.00025945156812667847, 0.9985566735267639, 0.05370823293924332, -0.9991210103034973, -0.0025102850049734116, 0.04184526205062866);
	fov = 20;
}, {
	cframe = CFrame.new(4.980247497558594, 0.2701294422149658, -1.163003921508789, 0.03971425071358681, -0.0528494194149971, 0.9978125691413879, -0.0002513676881790161, 0.9985997676849365, 0.052901122719049454, -0.9992111325263977, -0.0023517459630966187, 0.039645373821258545);
	fov = 20;
}, {
	cframe = CFrame.new(4.986228942871094, 0.3119077682495117, -1.1668586730957031, 0.03750886023044586, -0.052048277109861374, 0.9979400038719177, -0.00024148821830749512, 0.9986421465873718, 0.052093978971242905, -0.9992963671684265, -0.002194982022047043, 0.03744536638259888);
	fov = 20;
}, {
	cframe = CFrame.new(4.992210388183594, 0.3536863327026367, -1.1707115173339844, 0.03530321270227432, -0.051246751099824905, 0.9980618953704834, -0.00022983551025390625, 0.9986839890480042, 0.05128682404756546, -0.999376654624939, -0.0020399820059537888, 0.03524500131607056);
	fov = 20;
}, {
	cframe = CFrame.new(4.998193740844727, 0.3954648971557617, -1.1745643615722656, 0.033097364008426666, -0.05044486001133919, 0.9981784224510193, -0.0002163909375667572, 0.9987251162528992, 0.050479669123888016, -0.9994522929191589, -0.0018867477774620056, 0.033044278621673584);
	fov = 20;
}, {
	cframe = CFrame.new(5.004175186157227, 0.4372434616088867, -1.1784172058105469, 0.030891314148902893, -0.04964258521795273, 0.9982892870903015, -0.0002011675387620926, 0.9987655282020569, 0.04967249929904938, -0.999522864818573, -0.0017352774739265442, 0.03084319829940796);
	fov = 20;
}, {
	cframe = CFrame.new(5.010156631469727, 0.4790217876434326, -1.182271957397461, 0.028685303404927254, -0.04883996397256851, 0.9983947277069092, -0.0001841578632593155, 0.9988054037094116, 0.04886534437537193, -0.9995886087417603, -0.001585584133863449, 0.02864205837249756);
	fov = 20;
}, {
	cframe = CFrame.new(5.016138076782227, 0.5208003520965576, -1.1861248016357422, 0.026479272171854973, -0.04803697392344475, 0.9984946250915527, -0.0001653619110584259, 0.9988445043563843, 0.048058196902275085, -0.9996494054794312, -0.0014376640319824219, 0.026440739631652832);
	fov = 20;
}, {
	cframe = CFrame.new(5.021003723144531, 0.5321648120880127, -1.1892433166503906, 0.025624321773648262, -0.04769410192966461, 0.9985333681106567, -0.00016332976520061493, 0.9988610148429871, 0.04771395027637482, -0.9996716976165771, -0.0013857316225767136, 0.02558732032775879);
	fov = 20;
}, {
	cframe = CFrame.new(5.025869369506836, 0.5435290336608887, -1.1923599243164062, 0.024769620969891548, -0.0473511703312397, 0.9985711574554443, -0.000160999596118927, 0.9988774061203003, 0.047369685024023056, -0.9996931552886963, -0.0013341009616851807, 0.024734199047088623);
	fov = 20;
}, {
	cframe = CFrame.new(5.030733108520508, 0.5548934936523438, -1.1954784393310547, 0.02391480840742588, -0.04700819402933121, 0.9986082315444946, -0.00015837885439395905, 0.998893678188324, 0.04702542722225189, -0.9997140169143677, -0.0012827645987272263, 0.02388089895248413);
	fov = 20;
}, {
	cframe = CFrame.new(5.0355987548828125, 0.5662577152252197, -1.1985950469970703, 0.02305970899760723, -0.046665169298648834, 0.9986445307731628, -0.0001554582267999649, 0.9989098310470581, 0.04668116196990013, -0.9997342228889465, -0.0012317076325416565, 0.02302730083465576);
	fov = 20;
}, {
	cframe = CFrame.new(5.040464401245117, 0.5776221752166748, -1.2017135620117188, 0.02220485731959343, -0.04632209241390228, 0.9986798763275146, -0.00015224330127239227, 0.9989258646965027, 0.04633689671754837, -0.9997535943984985, -0.0011809524148702621, 0.022173941135406494);
	fov = 20;
}, {
	cframe = CFrame.new(5.045330047607422, 0.5889863967895508, -1.2048301696777344, 0.021350134164094925, -0.04597897082567215, 0.99871426820755, -0.0001487378031015396, 0.9989417791366577, 0.045992620289325714, -0.9997721314430237, -0.001130497083067894, 0.021320700645446777);
	fov = 20;
}, {
	cframe = CFrame.new(5.050195693969727, 0.6003508567810059, -1.2079486846923828, 0.020495420321822166, -0.045635782182216644, 0.9987478852272034, -0.00014493241906166077, 0.9989575743675232, 0.04564833641052246, -0.9997898936271667, -0.0010803304612636566, 0.02046746015548706);
	fov = 20;
}, {
	cframe = CFrame.new(5.055061340332031, 0.6117150783538818, -1.2110652923583984, 0.019640298560261726, -0.04529256373643875, 0.9987807273864746, -0.0001408364623785019, 0.9989732503890991, 0.0453040674328804, -0.9998071193695068, -0.0010304506868124008, 0.01961374282836914);
	fov = 20;
}, {
	cframe = CFrame.new(5.059925079345703, 0.6230795383453369, -1.2141838073730469, 0.018785543739795685, -0.04494929313659668, 0.9988126754760742, -0.00013644061982631683, 0.9989888072013855, 0.044959791004657745, -0.9998235702514648, -0.0009808745235204697, 0.01876044273376465);
	fov = 20;
}, {
	cframe = CFrame.new(5.064790725708008, 0.6344437599182129, -1.2173004150390625, 0.017930561676621437, -0.04460597783327103, 0.9988437294960022, -0.0001317579299211502, 0.9990042448043823, 0.04461550712585449, -0.9998392462730408, -0.0009315852075815201, 0.01790684461593628);
	fov = 20;
}, {
	cframe = CFrame.new(5.0696563720703125, 0.645808219909668, -1.220418930053711, 0.01707564666867256, -0.04426261782646179, 0.9988740682601929, -0.0001267697662115097, 0.9990195631980896, 0.044271230697631836, -0.999854326248169, -0.0008825939148664474, 0.017053306102752686);
	fov = 20;
}, {
	cframe = CFrame.new(5.0757904052734375, 0.6537332534790039, -1.224344253540039, 0.016263727098703384, -0.04391772672533989, 0.9989028573036194, -0.0001250840723514557, 0.9990348219871521, 0.04392556846141815, -0.999867856502533, -0.0008393451571464539, 0.016242563724517822);
	fov = 20;
}, {
	cframe = CFrame.new(5.0819244384765625, 0.6616580486297607, -1.228271484375, 0.015451756305992603, -0.04357278347015381, 0.998930811882019, -0.0001231227070093155, 0.9990499019622803, 0.04357988387346268, -0.9998806715011597, -0.0007963776588439941, 0.015431702136993408);
	fov = 20;
}, {
	cframe = CFrame.new(5.0880584716796875, 0.6695828437805176, -1.2321968078613281, 0.014640030451118946, -0.04322780296206474, 0.9989579916000366, -0.0001208670437335968, 0.9990649819374084, 0.0432342030107975, -0.9998928308486938, -0.0007536932826042175, 0.014621138572692871);
	fov = 20;
}, {
	cframe = CFrame.new(5.0941925048828125, 0.6775078773498535, -1.2361221313476562, 0.01382831297814846, -0.04288278520107269, 0.9989845156669617, -0.00011833198368549347, 0.9990798830986023, 0.042888522148132324, -0.999904453754425, -0.000711292028427124, 0.013810515403747559);
	fov = 20;
}, {
	cframe = CFrame.new(5.1003265380859375, 0.6854329109191895, -1.2400493621826172, 0.01301630400121212, -0.04253772646188736, 0.9990101456642151, -0.00011552311480045319, 0.9990946054458618, 0.04254283010959625, -0.9999153017997742, -0.0006691627204418182, 0.01299959421157837);
	fov = 20;
}, {
